MEMORY
  total            14.2 MB
  struct          159.0 KB
  buffer           43.2 KB
  arena            14.0 MB, used 0.4%

SIZES
  narena                14680064
  nbuffer               44288
  nplugin               0
  maxuse_stack          13320
  maxuse_arena          60120
  maxuse_con            14
  maxuse_efc            54
  solver_nisland        1
  ncon                  12
  ne                    0
  nf                    0
  nl                    0
  nefc                  48
  nJ                    1152
  nA                    0
  nisland               0
  threadpool            0

WARNING
    6:  lastinfo = 5   number = 1

TIMER
    0:  duration =  2.1        number = 16
    1:  duration =  2.1        number = 16
    2:  duration =  0          number = 0
    3:  duration =  1          number = 16
    4:  duration =  0.13       number = 16
    5:  duration =  0.028      number = 16
    6:  duration =  0.79       number = 16
    7:  duration =  0.03       number = 16
    8:  duration =  0.16       number = 16
    9:  duration =  0.048      number = 16
    10:  duration =  0.5        number = 16
    11:  duration =  0.3        number = 16
    12:  duration =  0.0049     number = 16
    13:  duration =  0.2        number = 16
    14:  duration =  0.28       number = 16

SOLVER STAT
  solver_nisland = 1
  solver_fwdinv =   0         0       
  ISLAND 0
    solver_niter = 1
    solver_nnz = 576
      0:  improvement =  3.1e-15     gradient =  1.2e-15     lineslope =  0       
          nactive = 48   nchange = 0   neval = 2   nupdate = 0

ENERGY =   0         0       

TIME =  1.7e+02 

QPOS
  -0.31    
  -4e-17   
   2.3e-17 
  -0.31    
  -2.5e-17 
  -1.5e-16 
   0.12    
  -0.05    
   0.025   
   1       
  -6.1e-11 
  -6.1e-11 
  -2.4e-20 
   0.13    
  -0.05    
   0.074   
   1       
  -3.6e-10 
  -3.6e-10 
  -8.7e-20 
   0.12    
  -0.05    
   0.12    
   1       
  -6.3e-10 
  -6.3e-10 
  -7.7e-20 

QVEL
   6.5e-15 
   7.1e-37 
   2.2e-37 
   6.5e-15 
   9e-18   
  -3e-17   
  -2.8e-16 
   2.8e-16 
   1.7e-15 
  -1.1e-14 
  -1.1e-14 
   2.4e-26 
  -1.2e-14 
   1.2e-14 
   6.8e-15 
  -4.4e-14 
  -4.7e-14 
  -9.9e-24 
  -7.7e-14 
   7.7e-14 
  -5.1e-15 
  -6.3e-14 
  -7.2e-14 
  -4.4e-23 

QACC_WARMSTART
   3.9e-28 
  -4.4e-37 
  -1.4e-37 
   3.9e-28 
  -4.6e-15 
   1.5e-14 
  -2.8e-16 
   6.6e-16 
   1.3e-16 
  -2.6e-14 
  -1.1e-14 
   1.8e-24 
  -4.5e-16 
   1.8e-15 
  -3.2e-16 
  -2.1e-14 
   4.3e-15 
   1.6e-23 
  -3.9e-16 
   2.6e-15 
   7e-16   
  -1.1e-14 
  -1.7e-15 
   2.8e-23 

CTRL
  -1.9e-17 
  -2.1e-39 
  -6.7e-40 
  -1.9e-17 
  -4.1e-20 
   1.4e-19 

QFRC_APPLIED
   0       
   0       
   0       
   0       
   0       
   0       
   0       
   0       
   0       
   0       
   0       
   0       
   0       
   0       
   0       
   0       
   0       
   0       
   0       
   0       
   0       
   0       
   0       
   0       

XFRC_APPLIED
   0         0         0         0         0         0       
   0         0         0         0         0         0       
   0         0         0         0         0         0       
   0         0         0         0         0         0       
   0         0         0         0         0         0       
   0         0         0         0         0         0       
   0         0         0         0         0         0       
   0         0         0         0         0         0       
   0         0         0         0         0         0       
   0         0         0         0         0         0       
   0         0         0         0         0         0       
   0         0         0         0         0         0       

QACC
   3.9e-28 
  -4.4e-37 
  -1.4e-37 
   3.9e-28 
  -4.6e-15 
   1.5e-14 
  -2.8e-16 
   6.6e-16 
   1.3e-16 
  -2.6e-14 
  -1.1e-14 
   1.8e-24 
  -4.5e-16 
   1.8e-15 
  -3.2e-16 
  -2.1e-14 
   4.3e-15 
   1.6e-23 
  -3.9e-16 
   2.6e-15 
   7e-16   
  -1.1e-14 
  -1.7e-15 
   2.8e-23 

SENSOR
   9e-18   
   0.043   
   0.017   
   0.25    
   0.043   
   0.017   

XPOS
   0         0         0       
   0         0         0.34    
   0        -0.013     0.34    
   6.4e-18   0.00062   0.17    
   9e-18     0.043     0.017   
   0.25      0         0.34    
   0.25     -0.013     0.34    
   0.25      0.00062   0.17    
   0.25      0.043     0.017   
   0.12     -0.05      0.025   
   0.13     -0.05      0.074   
   0.12     -0.05      0.12    

XQUAT
   1         0         0         0       
   0.99      0.16      0         0       
   0.99      0.16     -2e-17    -3.1e-18 
   0.99      0.16     -8.2e-18  -1.3e-18 
   0.99      0.16     -8.2e-18  -1.3e-18 
   0.99      0.16      0         0       
   0.99      0.16     -1.3e-17  -2e-18   
   0.99      0.16     -8.6e-17  -1.4e-17 
   0.99      0.16     -8.6e-17  -1.4e-17 
   1        -6.1e-11  -6.1e-11  -2.4e-20 
   1        -3.6e-10  -3.6e-10  -8.7e-20 
   1        -6.3e-10  -6.3e-10  -7.7e-20 

XMAT
   1         0         0         0         1         0         0         0         1       
   1         0         0         0         0.95     -0.31      0         0.31      0.95    
   1         0        -4e-17    -1.2e-17   0.95     -0.31      3.8e-17   0.31      0.95    
   1         3.9e-34  -1.7e-17  -5.2e-18   0.95     -0.31      1.6e-17   0.31      0.95    
   1         3.9e-34  -1.7e-17  -5.2e-18   0.95     -0.31      1.6e-17   0.31      0.95    
   1         0         0         0         0.95     -0.31      0         0.31      0.95    
   1         0        -2.5e-17  -7.8e-18   0.95     -0.31      2.4e-17   0.31      0.95    
   1         0        -1.7e-16  -5.4e-17   0.95     -0.31      1.6e-16   0.31      0.95    
   1         0        -1.7e-16  -5.4e-17   0.95     -0.31      1.6e-16   0.31      0.95    
   1         5.5e-20  -1.2e-10  -4e-20     1         1.2e-10   1.2e-10  -1.2e-10   1       
   1         4.3e-19  -7.2e-10   8.2e-20   1         7.2e-10   7.2e-10  -7.2e-10   1       
   1         9.4e-19  -1.3e-09   6.4e-19   1         1.3e-09   1.3e-09  -1.3e-09   1       

XIPOS
   0         0         0       
  -0.079     0         0.34    
   3.1e-18  -0.0069    0.25    
   7.8e-18   0.02      0.085   
   9e-18     0.043     0.017   
   0.17      0         0.34    
   0.25     -0.0069    0.25    
   0.25      0.02      0.085   
   0.25      0.043     0.017   
   0.12     -0.05      0.025   
   0.13     -0.05      0.074   
   0.12     -0.05      0.12    

XIMAT
   1         0         0         0         1         0         0         0         1       
   1         0         0         0         0.95     -0.31      0         0.31      0.95    
   1         0        -4e-17    -1.2e-17   0.95     -0.31      3.8e-17   0.31      0.95    
   1         3.9e-34  -1.7e-17  -5.2e-18   0.95     -0.31      1.6e-17   0.31      0.95    
   1         3.9e-34  -1.7e-17  -5.2e-18   0.95     -0.31      1.6e-17   0.31      0.95    
   1         0         0         0         0.95     -0.31      0         0.31      0.95    
   1         0        -2.5e-17  -7.8e-18   0.95     -0.31      2.4e-17   0.31      0.95    
   1         0        -1.7e-16  -5.4e-17   0.95     -0.31      1.6e-16   0.31      0.95    
   1         0        -1.7e-16  -5.4e-17   0.95     -0.31      1.6e-16   0.31      0.95    
   1         5.5e-20  -1.2e-10  -4e-20     1         1.2e-10   1.2e-10  -1.2e-10   1       
   1         4.3e-19  -7.2e-10   8.2e-20   1         7.2e-10   7.2e-10  -7.2e-10   1       
   1         9.4e-19  -1.3e-09   6.4e-19   1         1.3e-09   1.3e-09  -1.3e-09   1       

XANCHOR
   0         0         0.34    
   0        -0.013     0.34    
   6.4e-18   0.00062   0.17    
   0.25      0         0.34    
   0.25     -0.013     0.34    
   0.25      0.00062   0.17    
   0.12     -0.05      0.025   
   0.13     -0.05      0.074   
   0.12     -0.05      0.12    

XAXIS
  -1         0         0       
   0         0.95      0.31    
   0         0.95      0.31    
  -1         0         0       
   0         0.95      0.31    
   0         0.95      0.31    
   0         0         1       
   0         0         1       
   0         0         1       

GEOM_XPOS
   0         0         0       
  -0.19      3.6e-07   0.37    
   0.022    -3.8e-11   0.37    
  -0.09      0.026     0.4     
  -0.089     0         0.42    
   0.057     3.6e-07   0.37    
   0.27     -3.8e-11   0.37    
   0.16      0.026     0.4     
   0.16      0         0.42    
  -0.078     0.0018    0.34    
   1.5e-06  -0.0081    0.26    
   1.7e-06   0.019     0.093   
   0.17      0.0018    0.34    
   0.25     -0.0081    0.26    
   0.25      0.019     0.093   
   0.12     -0.05      0.025   
   0.13     -0.05      0.074   
   0.12     -0.05      0.12    

GEOM_XMAT
   1         0         0         0         1         0         0         0         1       
   1        -7.4e-05  -0.042     7.4e-05   1         0         0.042    -3.1e-06   1       
   1         0         0.0013    0         1         0        -0.0013    0         1       
  -0.00072  -0.0019    1         1        -0.014     0.00069   0.014     1         0.0019  
   0         0         1         0        -1         0         1         0         0       
   1        -7.4e-05  -0.042     7.4e-05   1         0         0.042    -3.1e-06   1       
   1         0         0.0013    0         1         0        -0.0013    0         1       
  -0.00072  -0.0019    1         1        -0.014     0.00069   0.014     1         0.0019  
   0         0         1         0        -1         0         1         0         0       
   0.044    -8.4e-06   1         0.95     -0.31     -0.042     0.31      0.95     -0.014   
   0.00024  -1        -3.8e-05   0.98      0.00024  -0.21      0.21      1.4e-05   0.98    
   0.00064  -1         2.2e-05   0.95      0.0006   -0.3       0.3       0.00021   0.95    
   0.044    -8.4e-06   1         0.95     -0.31     -0.042     0.31      0.95     -0.014   
   0.00024  -1        -3.8e-05   0.98      0.00024  -0.21      0.21      1.4e-05   0.98    
   0.00064  -1         2.2e-05   0.95      0.0006   -0.3       0.3       0.00021   0.95    
   1         5.5e-20  -1.2e-10  -4e-20     1         1.2e-10   1.2e-10  -1.2e-10   1       
   1         4.3e-19  -7.2e-10   8.2e-20   1         7.2e-10   7.2e-10  -7.2e-10   1       
   1         9.4e-19  -1.3e-09   6.4e-19   1         1.3e-09   1.3e-09  -1.3e-09   1       

SITE_XPOS
   9e-18     0.043     0.017   
   0.25      0.043     0.017   

SITE_XMAT
   1         3.9e-34  -1.7e-17  -5.2e-18   0.95     -0.31      1.6e-17   0.31      0.95    
   1         0        -1.7e-16  -5.4e-17   0.95     -0.31      1.6e-16   0.31      0.95    

CAM_XPOS
  -0.005    -0.53      0.57    

CAM_XMAT
   1         0.0013   -0.0015   -0.002     0.64     -0.77      2.2e-19   0.77      0.64    

LIGHT_XPOS
   0         1         4       

LIGHT_XDIR
   0         0        -1       

SUBTREE_COM
   0.094    -0.0059    0.25    
  -0.035     5.8e-18   0.27    
   4.2e-18   1e-17     0.21    
   8.1e-18   0.025     0.068   
   9e-18     0.043     0.017   
   0.22      5.8e-18   0.27    
   0.25      1e-17     0.21    
   0.25      0.025     0.068   
   0.25      0.043     0.017   
   0.12     -0.05      0.025   
   0.13     -0.05      0.074   
   0.12     -0.05      0.12    

CDOF
  -1         0         0        -0        -0.07     -5.8e-18 
   0         0.95      0.31     -0.067    -0.011     0.033   
   0         0.95      0.31      0.093    -0.011     0.033   
  -1         0         0        -0        -0.07     -5.8e-18 
   0         0.95      0.31     -0.067    -0.011     0.033   
   0         0.95      0.31      0.093    -0.011     0.033   
   0         0         0         1         0         0       
   0         0         0         0         1         0       
   0         0         0         0         0         1       
   1        -4e-20     1.2e-10  -0         1.7e-27   5.5e-37 
   5.5e-20   1        -1.2e-10   0        -1.7e-27  -1.4e-17 
  -1.2e-10   1.2e-10   1         0         1.4e-17  -1.7e-27 
   0         0         0         1         0         0       
   0         0         0         0         1         0       
   0         0         0         0         0         1       
   1         8.2e-20   7.2e-10   0         0         0       
   4.3e-19   1        -7.2e-10   0        -0         0       
  -7.2e-10   7.2e-10   1         0         0        -0       
   0         0         0         1         0         0       
   0         0         0         0         1         0       
   0         0         0         0         0         1       
   1         6.4e-19   1.3e-09   8.8e-36  -1.4e-17   0       
   9.4e-19   1        -1.3e-09   1.4e-17  -1.3e-35   0       
  -1.3e-09   1.3e-09   1         1.7e-26   1.7e-26  -0       

CINERT
   0         0         0         0         0         0         0         0         0         0       
   0.00076   0.0014    0.0007   -3.8e-20   0.00046   6e-20    -0.0066   -8.6e-19   0.01      0.15    
   0.00045   0.00059   0.00025   3.6e-05   7.8e-05   9.6e-05   0.0052   -0.001    -0.0022    0.15    
   0.0012    0.0012    0.00017  -2.1e-05   0.0002    0.00011   0.0011    0.0006   -0.0057    0.031   
   0.00066   0.00065   3e-05    -1.5e-05   8.8e-05   0.00011   0.00035   0.00043  -0.0025    0.01    
   0.00076   0.0014    0.0007   -3.8e-20   0.00046   6e-20    -0.0066   -8.6e-19   0.01      0.15    
   0.00045   0.00059   0.00025   3.6e-05   7.8e-05   9.6e-05   0.0052   -0.001    -0.0022    0.15    
   0.0012    0.0012    0.00017  -2.1e-05   0.0002    0.00011   0.0011    0.0006   -0.0057    0.031   
   0.00066   0.00065   3e-05    -1.5e-05   8.8e-05   0.00011   0.00035   0.00043  -0.0025    0.01    
   1.7e-07   1.7e-07   1.7e-07   0         0         0        -4.2e-19   0         0         0.03    
   1.7e-07   1.7e-07   1.7e-07   1.1e-41   0         0         0         0         0         0.03    
   1.7e-07   1.7e-07   1.7e-07   4.6e-41  -2.5e-32   0         0         0        -4.2e-19   0.03    

ACTUATOR_LENGTH
  -0.31    
  -4e-17   
   2.3e-17 
  -0.31    
  -2.5e-17 
  -1.5e-16 

actuator_moment
--------------------------
 x                        |
  x                       |
   x                      |
    x                     |
     x                    |
      x                   |
--------------------------

ACTUATOR_MOMENT
     0:  1       
     1:  1       
     2:  1       
     3:  1       
     4:  1       
     5:  1       

CRB
   0         0         0         0         0         0         0         0         0         0       
   0.0031    0.0039    0.0012   -7.9e-20   0.00082   0.00032   0         9.2e-21  -1.7e-18   0.34    
   0.0023    0.0024    0.00045  -4.1e-20   0.00036   0.00032   0.0066    8.7e-19  -0.01      0.19    
   0.0018    0.0019    0.0002   -3.6e-05   0.00029   0.00022   0.0014    0.001    -0.0082    0.041   
   0.00066   0.00065   3e-05    -1.5e-05   8.8e-05   0.00011   0.00035   0.00043  -0.0025    0.01    
   0.0031    0.0039    0.0012   -9.2e-20   0.00082   0.00032   0         9.2e-21  -1.7e-18   0.34    
   0.0023    0.0024    0.00045  -5.4e-20   0.00036   0.00032   0.0066    8.7e-19  -0.01      0.19    
   0.0018    0.0019    0.0002   -3.6e-05   0.00029   0.00022   0.0014    0.001    -0.0082    0.041   
   0.00066   0.00065   3e-05    -1.5e-05   8.8e-05   0.00011   0.00035   0.00043  -0.0025    0.01    
   1.7e-07   1.7e-07   1.7e-07   0         0         0        -4.2e-19   0         0         0.03    
   1.7e-07   1.7e-07   1.7e-07   1.1e-41   0         0         0         0         0         0.03    
   1.7e-07   1.7e-07   1.7e-07   4.6e-41  -2.5e-32   0         0         0        -4.2e-19   0.03    

QM
   0.0047  
  -1.5e-21   0.0044  
   0         0.0013    0.00062 
                                 0.0047  
                                -1.5e-20   0.0044  
                                -2.1e-20   0.0013    0.00062 
                                                               0.03    
                                                               0         0.03    
                                                               0         0         0.03    
                                                               0         0         0         1.7e-07 
                                                               0         0         0         0         1.7e-07 
                                                               0         0         0         0         0         1.7e-07 
                                                                                                                           0.03    
                                                                                                                           0         0.03    
                                                                                                                           0         0         0.03    
                                                                                                                           0         0         0         1.7e-07 
                                                                                                                           0         0         0         0         1.7e-07 
                                                                                                                           0         0         0         0         0         1.7e-07 
                                                                                                                                                                                       0.03    
                                                                                                                                                                                       0         0.03    
                                                                                                                                                                                       0         0         0.03    
                                                                                                                                                                                       0         0         0         1.7e-07 
                                                                                                                                                                                       0         0         0         0         1.7e-07 
                                                                                                                                                                                       0         0         0         0         0         1.7e-07 

QLD
     0:  0.0047  
     0: -9.6e-19    1:  0.0016  
     0:  0          1:  2.1        2:  0.00062 
     3:  0.0047  
     3:  1.9e-17    4:  0.0016  
     3: -3.4e-17    4:  2.1        5:  0.00062 
     6:  0.03    
     7:  0.03    
     8:  0.03    
     9:  1.7e-07 
    10:  1.7e-07 
    11:  1.7e-07 
    12:  0.03    
    13:  0.03    
    14:  0.03    
    15:  1.7e-07 
    16:  1.7e-07 
    17:  1.7e-07 
    18:  0.03    
    19:  0.03    
    20:  0.03    
    21:  1.7e-07 
    22:  1.7e-07 
    23:  1.7e-07 

QLDIAGINV
   2.1e+02 
   6.2e+02 
   1.6e+03 
   2.1e+02 
   6.2e+02 
   1.6e+03 
   33      
   33      
   33      
   6e+06   
   6e+06   
   6e+06   
   33      
   33      
   33      
   6e+06   
   6e+06   
   6e+06   
   33      
   33      
   33      
   6e+06   
   6e+06   
   6e+06   

B: body-dof matrix
--------------------------
 xxxxxxxxxxxxxxxxxxxxxxxx |
 xxx                      |
 xxx                      |
 xxx                      |
 xxx                      |
    xxx                   |
    xxx                   |
    xxx                   |
    xxx                   |
       xxxxxx             |
             xxxxxx       |
                   xxxxxx |
--------------------------

B_rownnz              24 3 3 3 3 3 3 3 3 6 6 6

B_rowadr              0 24 27 30 33 36 39 42 45 48 54 60

B_colind              0 1 2 3 4 5 6 7 8 9 10 11 12 13 14 15 16 17 18 19 20 21 22 23 0 1 2 0 1 2 0 1 2 0 1 2 3 4 5 3 4 5 3 4 5 3 4 5 6 7 8 9 10 11 12 13 14 15 16 17 18 19 20 21 22 23

C: reduced dof-dof matrix
--------------------------
 x                        |
 xx                       |
 xxx                      |
    x                     |
    xx                    |
    xxx                   |
       x                  |
        x                 |
         x                |
          x               |
           x              |
            x             |
             x            |
              x           |
               x          |
                x         |
                 x        |
                  x       |
                   x      |
                    x     |
                     x    |
                      x   |
                       x  |
                        x |
--------------------------

C_rownnz              1 2 3 1 2 3 1 1 1 1 1 1 1 1 1 1 1 1 1 1 1 1 1 1

C_rowadr              0 1 3 6 7 9 12 13 14 15 16 17 18 19 20 21 22 23 24 25 26 27 28 29

C_colind              0 0 1 0 1 2 3 3 4 3 4 5 6 7 8 9 10 11 12 13 14 15 16 17 18 19 20 21 22 23

mapM2C                0 2 1 5 4 3 6 8 7 11 10 9 12 13 15 18 22 27 33 34 36 39 43 48 54 55 57 60 64 69

D: dof-dof matrix
--------------------------
 Dxx                      |
 xDx                      |
 xxD                      |
    Dxx                   |
    xDx                   |
    xxD                   |
       Dxxxxx             |
       xDxxxx             |
       xxDxxx             |
       xxxDxx             |
       xxxxDx             |
       xxxxxD             |
             Dxxxxx       |
             xDxxxx       |
             xxDxxx       |
             xxxDxx       |
             xxxxDx       |
             xxxxxD       |
                   Dxxxxx |
                   xDxxxx |
                   xxDxxx |
                   xxxDxx |
                   xxxxDx |
                   xxxxxD |
--------------------------

D_rownnz              3 3 3 3 3 3 6 6 6 6 6 6 6 6 6 6 6 6 6 6 6 6 6 6

D_rowadr              0 3 6 9 12 15 18 24 30 36 42 48 54 60 66 72 78 84 90 96 102 108 114 120

D_colind              0 1 2 0 1 2 0 1 2 3 4 5 3 4 5 3 4 5 6 7 8 9 10 11 6 7 8 9 10 11 6 7 8 9 10 11 6 7 8 9 10 11 6 7 8 9 10 11 6 7 8 9 10 11 12 13 14 15 16 17 12 13 14 15 16 17 12 13 14 15 16 17 12 13 14 15 16 17 12 13 14 15 16 17 12 13 14 15 16 17 18 19 20 21 22 23 18 19 20 21 22 23 18 19 20 21 22 23 18 19 20 21 22 23 18 19 20 21 22 23 18 19 20 21 22 23

mapM2D                0 2 5 2 1 4 5 4 3 6 8 11 8 7 10 11 10 9 12 14 17 21 26 32 14 13 16 20 25 31 17 16 15 19 24 30 21 20 19 18 23 29 26 25 24 23 22 28 32 31 30 29 28 27 33 35 38 42 47 53 35 34 37 41 46 52 38 37 36 40 45 51 42 41 40 39 44 50 47 46 45 44 43 49 53 52 51 50 49 48 54 56 59 63 68 74 56 55 58 62 67 73 59 58 57 61 66 72 63 62 61 60 65 71 68 67 66 65 64 70 74 73 72 71 70 69

mapD2M                0 4 3 8 7 6 9 13 12 17 16 15 18 25 24 32 31 30 39 38 37 36 46 45 44 43 42 53 52 51 50 49 48 54 61 60 68 67 66 75 74 73 72 82 81 80 79 78 89 88 87 86 85 84 90 97 96 104 103 102 111 110 109 108 118 117 116 115 114 125 124 123 122 121 120

QDERIV
     0:  0          1:  0          2:  0       
     0:  0          1:  0          2:  0       
     0:  0          1:  0          2:  0       
     3:  0          4:  0          5:  0       
     3:  0          4:  0          5:  0       
     3:  0          4:  0          5:  0       
     6:  0          7:  0          8:  0          9:  0         10:  0         11:  0       
     6:  0          7:  0          8:  0          9:  0         10:  0         11:  0       
     6:  0          7:  0          8:  0          9:  0         10:  0         11:  0       
     6:  0          7:  0          8:  0          9:  0         10:  0         11:  0       
     6:  0          7:  0          8:  0          9:  0         10:  0         11:  0       
     6:  0          7:  0          8:  0          9:  0         10:  0         11:  0       
    12:  0         13:  0         14:  0         15:  0         16:  0         17:  0       
    12:  0         13:  0         14:  0         15:  0         16:  0         17:  0       
    12:  0         13:  0         14:  0         15:  0         16:  0         17:  0       
    12:  0         13:  0         14:  0         15:  0         16:  0         17:  0       
    12:  0         13:  0         14:  0         15:  0         16:  0         17:  0       
    12:  0         13:  0         14:  0         15:  0         16:  0         17:  0       
    18:  0         19:  0         20:  0         21:  0         22:  0         23:  0       
    18:  0         19:  0         20:  0         21:  0         22:  0         23:  0       
    18:  0         19:  0         20:  0         21:  0         22:  0         23:  0       
    18:  0         19:  0         20:  0         21:  0         22:  0         23:  0       
    18:  0         19:  0         20:  0         21:  0         22:  0         23:  0       
    18:  0         19:  0         20:  0         21:  0         22:  0         23:  0       

QLU
     0:  0          1:  0          2:  0       
     0:  0          1:  0          2:  0       
     0:  0          1:  0          2:  0       
     3:  0          4:  0          5:  0       
     3:  0          4:  0          5:  0       
     3:  0          4:  0          5:  0       
     6:  0          7:  0          8:  0          9:  0         10:  0         11:  0       
     6:  0          7:  0          8:  0          9:  0         10:  0         11:  0       
     6:  0          7:  0          8:  0          9:  0         10:  0         11:  0       
     6:  0          7:  0          8:  0          9:  0         10:  0         11:  0       
     6:  0          7:  0          8:  0          9:  0         10:  0         11:  0       
     6:  0          7:  0          8:  0          9:  0         10:  0         11:  0       
    12:  0         13:  0         14:  0         15:  0         16:  0         17:  0       
    12:  0         13:  0         14:  0         15:  0         16:  0         17:  0       
    12:  0         13:  0         14:  0         15:  0         16:  0         17:  0       
    12:  0         13:  0         14:  0         15:  0         16:  0         17:  0       
    12:  0         13:  0         14:  0         15:  0         16:  0         17:  0       
    12:  0         13:  0         14:  0         15:  0         16:  0         17:  0       
    18:  0         19:  0         20:  0         21:  0         22:  0         23:  0       
    18:  0         19:  0         20:  0         21:  0         22:  0         23:  0       
    18:  0         19:  0         20:  0         21:  0         22:  0         23:  0       
    18:  0         19:  0         20:  0         21:  0         22:  0         23:  0       
    18:  0         19:  0         20:  0         21:  0         22:  0         23:  0       
    18:  0         19:  0         20:  0         21:  0         22:  0         23:  0       

CONTACT
  0:
     dim           6
     geoms         table : 15
     exclude       0
     efc_address   0
     solref         0.02      1       
     solimp         0.9       0.95      0.001     0.5       2       
     dist          -0.00029 
     includemargin  0       
     pos            0.1      -0.075    -0.00015 
     frame          0         0         1         0         1         0        -1         0         0       
     friction       1         1         0.005     0.0001    0.0001  
     mu             0.1     
  1:
     dim           6
     geoms         table : 15
     exclude       0
     efc_address   6
     solref         0.02      1       
     solimp         0.9       0.95      0.001     0.5       2       
     dist          -0.00029 
     includemargin  0       
     pos            0.15     -0.075    -0.00015 
     frame          0         0         1         0         1         0        -1         0         0       
     friction       1         1         0.005     0.0001    0.0001  
     mu             0.1     
  2:
     dim           6
     geoms         table : 15
     exclude       0
     efc_address   12
     solref         0.02      1       
     solimp         0.9       0.95      0.001     0.5       2       
     dist          -0.00029 
     includemargin  0       
     pos            0.1      -0.025    -0.00015 
     frame          0         0         1         0         1         0        -1         0         0       
     friction       1         1         0.005     0.0001    0.0001  
     mu             0.1     
  3:
     dim           6
     geoms         table : 15
     exclude       0
     efc_address   18
     solref         0.02      1       
     solimp         0.9       0.95      0.001     0.5       2       
     dist          -0.00029 
     includemargin  0       
     pos            0.15     -0.025    -0.00015 
     frame          0         0         1         0         1         0        -1         0         0       
     friction       1         1         0.005     0.0001    0.0001  
     mu             0.1     
  4:
     dim           3
     geoms         15 : 16
     exclude       0
     efc_address   24
     solref         0.02      1       
     solimp         0.9       0.95      0.001     0.5       2       
     dist          -0.00037 
     includemargin  0       
     pos            0.15     -0.025     0.049   
     frame         -1.2e-10   1.2e-10   1         1.5e-20   1        -1.2e-10  -1         0        -1.2e-10 
     friction       1         1         0.005     0.0001    0.0001  
     mu             0.1     
  5:
     dim           3
     geoms         15 : 16
     exclude       0
     efc_address   27
     solref         0.02      1       
     solimp         0.9       0.95      0.001     0.5       2       
     dist          -0.00037 
     includemargin  0       
     pos            0.1      -0.075     0.049   
     frame         -1.2e-10   1.2e-10   1         1.5e-20   1        -1.2e-10  -1         0        -1.2e-10 
     friction       1         1         0.005     0.0001    0.0001  
     mu             0.1     
  6:
     dim           3
     geoms         15 : 16
     exclude       0
     efc_address   30
     solref         0.02      1       
     solimp         0.9       0.95      0.001     0.5       2       
     dist          -0.00037 
     includemargin  0       
     pos            0.15     -0.075     0.049   
     frame         -1.2e-10   1.2e-10   1         1.5e-20   1        -1.2e-10  -1         0        -1.2e-10 
     friction       1         1         0.005     0.0001    0.0001  
     mu             0.1     
  7:
     dim           3
     geoms         15 : 16
     exclude       0
     efc_address   33
     solref         0.02      1       
     solimp         0.9       0.95      0.001     0.5       2       
     dist          -0.00037 
     includemargin  0       
     pos            0.1      -0.025     0.049   
     frame         -1.2e-10   1.2e-10   1         1.5e-20   1        -1.2e-10  -1         0        -1.2e-10 
     friction       1         1         0.005     0.0001    0.0001  
     mu             0.1     
  8:
     dim           3
     geoms         16 : 17
     exclude       0
     efc_address   36
     solref         0.02      1       
     solimp         0.9       0.95      0.001     0.5       2       
     dist          -0.00021 
     includemargin  0       
     pos            0.15     -0.025     0.099   
     frame         -1.3e-09   1.3e-09   1         1.6e-18   1        -1.3e-09  -1         0        -1.3e-09 
     friction       1         1         0.005     0.0001    0.0001  
     mu             0.1     
  9:
     dim           3
     geoms         16 : 17
     exclude       0
     efc_address   39
     solref         0.02      1       
     solimp         0.9       0.95      0.001     0.5       2       
     dist          -0.00021 
     includemargin  0       
     pos            0.1      -0.075     0.099   
     frame         -1.3e-09   1.3e-09   1         1.6e-18   1        -1.3e-09  -1         0        -1.3e-09 
     friction       1         1         0.005     0.0001    0.0001  
     mu             0.1     
  10:
     dim           3
     geoms         16 : 17
     exclude       0
     efc_address   42
     solref         0.02      1       
     solimp         0.9       0.95      0.001     0.5       2       
     dist          -0.00021 
     includemargin  0       
     pos            0.15     -0.075     0.099   
     frame         -1.3e-09   1.3e-09   1         1.6e-18   1        -1.3e-09  -1         0        -1.3e-09 
     friction       1         1         0.005     0.0001    0.0001  
     mu             0.1     
  11:
     dim           3
     geoms         16 : 17
     exclude       0
     efc_address   45
     solref         0.02      1       
     solimp         0.9       0.95      0.001     0.5       2       
     dist          -0.00021 
     includemargin  0       
     pos            0.1      -0.025     0.099   
     frame         -1.3e-09   1.3e-09   1         1.6e-18   1        -1.3e-09  -1         0        -1.3e-09 
     friction       1         1         0.005     0.0001    0.0001  
     mu             0.1     

EFC_TYPE
  7
  7
  7
  7
  7
  7
  7
  7
  7
  7
  7
  7
  7
  7
  7
  7
  7
  7
  7
  7
  7
  7
  7
  7
  7
  7
  7
  7
  7
  7
  7
  7
  7
  7
  7
  7
  7
  7
  7
  7
  7
  7
  7
  7
  7
  7
  7
  7

EFC_ID
  0
  0
  0
  0
  0
  0
  1
  1
  1
  1
  1
  1
  2
  2
  2
  2
  2
  2
  3
  3
  3
  3
  3
  3
  4
  4
  4
  5
  5
  5
  6
  6
  6
  7
  7
  7
  8
  8
  8
  9
  9
  9
  10
  10
  10
  11
  11
  11

EFC_J
   0         0         0         0         0         0         0         0         1        -0.025     0.025     6.1e-12   0         0         0         0         0         0         0         0         0         0         0         0       
   0         0         0         0         0         0         0         1         0         0.025     3.1e-12  -0.025     0         0         0         0         0         0         0         0         0         0         0         0       
   0         0         0         0         0         0        -1         0         0        -3e-12     0.025    -0.025     0         0         0         0         0         0         0         0         0         0         0         0       
   0         0         0         0         0         0         0         0         0         1.2e-10  -1.2e-10   1         0         0         0         0         0         0         0         0         0         0         0         0       
   0         0         0         0         0         0         0         0         0        -4e-20     1         1.2e-10   0         0         0         0         0         0         0         0         0         0         0         0       
   0         0         0         0         0         0         0         0         0        -1        -5.5e-20   1.2e-10   0         0         0         0         0         0         0         0         0         0         0         0       
   0         0         0         0         0         0         0         0         1        -0.025    -0.025    -5.8e-15   0         0         0         0         0         0         0         0         0         0         0         0       
   0         0         0         0         0         0         0         1         0         0.025    -3.1e-12   0.025     0         0         0         0         0         0         0         0         0         0         0         0       
   0         0         0         0         0         0        -1         0         0        -3e-12     0.025    -0.025     0         0         0         0         0         0         0         0         0         0         0         0       
   0         0         0         0         0         0         0         0         0         1.2e-10  -1.2e-10   1         0         0         0         0         0         0         0         0         0         0         0         0       
   0         0         0         0         0         0         0         0         0        -4e-20     1         1.2e-10   0         0         0         0         0         0         0         0         0         0         0         0       
   0         0         0         0         0         0         0         0         0        -1        -5.5e-20   1.2e-10   0         0         0         0         0         0         0         0         0         0         0         0       
   0         0         0         0         0         0         0         0         1         0.025     0.025     5.8e-15   0         0         0         0         0         0         0         0         0         0         0         0       
   0         0         0         0         0         0         0         1         0         0.025     3.1e-12  -0.025     0         0         0         0         0         0         0         0         0         0         0         0       
   0         0         0         0         0         0        -1         0         0         3e-12     0.025     0.025     0         0         0         0         0         0         0         0         0         0         0         0       
   0         0         0         0         0         0         0         0         0         1.2e-10  -1.2e-10   1         0         0         0         0         0         0         0         0         0         0         0         0       
   0         0         0         0         0         0         0         0         0        -4e-20     1         1.2e-10   0         0         0         0         0         0         0         0         0         0         0         0       
   0         0         0         0         0         0         0         0         0        -1        -5.5e-20   1.2e-10   0         0         0         0         0         0         0         0         0         0         0         0       
   0         0         0         0         0         0         0         0         1         0.025    -0.025    -6.1e-12   0         0         0         0         0         0         0         0         0         0         0         0       
   0         0         0         0         0         0         0         1         0         0.025    -3.1e-12   0.025     0         0         0         0         0         0         0         0         0         0         0         0       
   0         0         0         0         0         0        -1         0         0         3e-12     0.025     0.025     0         0         0         0         0         0         0         0         0         0         0         0       
   0         0         0         0         0         0         0         0         0         1.2e-10  -1.2e-10   1         0         0         0         0         0         0         0         0         0         0         0         0       
   0         0         0         0         0         0         0         0         0        -4e-20     1         1.2e-10   0         0         0         0         0         0         0         0         0         0         0         0       
   0         0         0         0         0         0         0         0         0        -1        -5.5e-20   1.2e-10   0         0         0         0         0         0         0         0         0         0         0         0       
   0         0         0         0         0         0         1.2e-10  -1.2e-10  -1        -0.025     0.025     0        -1.2e-10   1.2e-10   1         0.025    -0.025    -3e-11     0         0         0         0         0         0       
   0         0         0         0         0         0        -1.5e-20  -1         1.2e-10   0.025     9.8e-22  -0.025     1.5e-20   1        -1.2e-10   0.025    -1.5e-11   0.025     0         0         0         0         0         0       
   0         0         0         0         0         0         1         0         1.2e-10  -9.8e-22   0.025    -0.025    -1         0        -1.2e-10   1.5e-11   0.025     0.025     0         0         0         0         0         0       
   0         0         0         0         0         0         1.2e-10  -1.2e-10  -1         0.025    -0.025     0        -1.2e-10   1.2e-10   1        -0.025     0.025     3e-11     0         0         0         0         0         0       
   0         0         0         0         0         0        -1.5e-20  -1         1.2e-10   0.025     9.8e-22   0.025     1.5e-20   1        -1.2e-10   0.025     1.5e-11  -0.025     0         0         0         0         0         0       
   0         0         0         0         0         0         1         0         1.2e-10  -9.8e-22   0.025     0.025    -1         0        -1.2e-10  -1.5e-11   0.025    -0.025     0         0         0         0         0         0       
   0         0         0         0         0         0         1.2e-10  -1.2e-10  -1         0.025     0.025     7.8e-29  -1.2e-10   1.2e-10   1        -0.025    -0.025     4.7e-16   0         0         0         0         0         0       
   0         0         0         0         0         0        -1.5e-20  -1         1.2e-10   0.025     9.8e-22  -0.025     1.5e-20   1        -1.2e-10   0.025    -1.5e-11   0.025     0         0         0         0         0         0       
   0         0         0         0         0         0         1         0         1.2e-10  -9.8e-22   0.025     0.025    -1         0        -1.2e-10  -1.5e-11   0.025    -0.025     0         0         0         0         0         0       
   0         0         0         0         0         0         1.2e-10  -1.2e-10  -1        -0.025    -0.025     7.8e-29  -1.2e-10   1.2e-10   1         0.025     0.025    -4.7e-16   0         0         0         0         0         0       
   0         0         0         0         0         0        -1.5e-20  -1         1.2e-10   0.025     9.8e-22   0.025     1.5e-20   1        -1.2e-10   0.025     1.5e-11  -0.025     0         0         0         0         0         0       
   0         0         0         0         0         0         1         0         1.2e-10  -9.8e-22   0.025    -0.025    -1         0        -1.2e-10   1.5e-11   0.025     0.025     0         0         0         0         0         0       
   0         0         0         0         0         0         0         0         0         0         0         0         1.3e-09  -1.3e-09  -1        -0.025     0.025    -2.7e-11  -1.3e-09   1.3e-09   1         0.025    -0.025    -1.3e-26 
   0         0         0         0         0         0         0         0         0         0         0         0        -1.6e-18  -1         1.3e-09   0.025    -1.4e-11  -0.025     1.6e-18   1        -1.3e-09   0.025    -1.6e-20   0.025   
   0         0         0         0         0         0         0         0         0         0         0         0         1         0         1.3e-09   1.4e-11   0.025    -0.025    -1         0        -1.3e-09   1.6e-20   0.025     0.025   
   0         0         0         0         0         0         0         0         0         0         0         0         1.3e-09  -1.3e-09  -1         0.025    -0.025     2.7e-11  -1.3e-09   1.3e-09   1        -0.025     0.025     0       
   0         0         0         0         0         0         0         0         0         0         0         0        -1.6e-18  -1         1.3e-09   0.025     1.4e-11   0.025     1.6e-18   1        -1.3e-09   0.025    -1.6e-20  -0.025   
   0         0         0         0         0         0         0         0         0         0         0         0         1         0         1.3e-09  -1.4e-11   0.025     0.025    -1         0        -1.3e-09   1.6e-20   0.025    -0.025   
   0         0         0         0         0         0         0         0         0         0         0         0         1.3e-09  -1.3e-09  -1         0.025     0.025     1.4e-14  -1.3e-09   1.3e-09   1        -0.025    -0.025     0       
   0         0         0         0         0         0         0         0         0         0         0         0        -1.6e-18  -1         1.3e-09   0.025    -1.4e-11  -0.025     1.6e-18   1        -1.3e-09   0.025    -1.6e-20   0.025   
   0         0         0         0         0         0         0         0         0         0         0         0         1         0         1.3e-09  -1.4e-11   0.025     0.025    -1         0        -1.3e-09   1.6e-20   0.025    -0.025   
   0         0         0         0         0         0         0         0         0         0         0         0         1.3e-09  -1.3e-09  -1        -0.025    -0.025    -1.4e-14  -1.3e-09   1.3e-09   1         0.025     0.025     0       
   0         0         0         0         0         0         0         0         0         0         0         0        -1.6e-18  -1         1.3e-09   0.025     1.4e-11   0.025     1.6e-18   1        -1.3e-09   0.025    -1.6e-20  -0.025   
   0         0         0         0         0         0         0         0         0         0         0         0         1         0         1.3e-09   1.4e-11   0.025    -0.025    -1         0        -1.3e-09   1.6e-20   0.025     0.025   

EFC_POS
  -0.00029 
   0       
   0       
   0       
   0       
   0       
  -0.00029 
   0       
   0       
   0       
   0       
   0       
  -0.00029 
   0       
   0       
   0       
   0       
   0       
  -0.00029 
   0       
   0       
   0       
   0       
   0       
  -0.00037 
   0       
   0       
  -0.00037 
   0       
   0       
  -0.00037 
   0       
   0       
  -0.00037 
   0       
   0       
  -0.00021 
   0       
   0       
  -0.00021 
   0       
   0       
  -0.00021 
   0       
   0       
  -0.00021 
   0       
   0       

EFC_MARGIN
   0       
   0       
   0       
   0       
   0       
   0       
   0       
   0       
   0       
   0       
   0       
   0       
   0       
   0       
   0       
   0       
   0       
   0       
   0       
   0       
   0       
   0       
   0       
   0       
   0       
   0       
   0       
   0       
   0       
   0       
   0       
   0       
   0       
   0       
   0       
   0       
   0       
   0       
   0       
   0       
   0       
   0       
   0       
   0       
   0       
   0       
   0       
   0       

EFC_FRICTIONLOSS
   0       
   0       
   0       
   0       
   0       
   0       
   0       
   0       
   0       
   0       
   0       
   0       
   0       
   0       
   0       
   0       
   0       
   0       
   0       
   0       
   0       
   0       
   0       
   0       
   0       
   0       
   0       
   0       
   0       
   0       
   0       
   0       
   0       
   0       
   0       
   0       
   0       
   0       
   0       
   0       
   0       
   0       
   0       
   0       
   0       
   0       
   0       
   0       

EFC_DIAGAPPROX
   33      
   0.33    
   0.33    
   1.3e+04 
   3.3e+07 
   3.3e+07 
   33      
   0.33    
   0.33    
   1.3e+04 
   3.3e+07 
   3.3e+07 
   33      
   0.33    
   0.33    
   1.3e+04 
   3.3e+07 
   3.3e+07 
   33      
   0.33    
   0.33    
   1.3e+04 
   3.3e+07 
   3.3e+07 
   67      
   0.67    
   0.67    
   67      
   0.67    
   0.67    
   67      
   0.67    
   0.67    
   67      
   0.67    
   0.67    
   67      
   0.67    
   0.67    
   67      
   0.67    
   0.67    
   67      
   0.67    
   0.67    
   67      
   0.67    
   0.67    

EFC_KBIP
   2.8e+03   1.1e+02   0.91     -59      
   0         1.1e+02   0.91     -59      
   0         1.1e+02   0.91     -59      
   0         1.1e+02   0.91     -59      
   0         1.1e+02   0.91     -59      
   0         1.1e+02   0.91     -59      
   2.8e+03   1.1e+02   0.91     -59      
   0         1.1e+02   0.91     -59      
   0         1.1e+02   0.91     -59      
   0         1.1e+02   0.91     -59      
   0         1.1e+02   0.91     -59      
   0         1.1e+02   0.91     -59      
   2.8e+03   1.1e+02   0.91     -59      
   0         1.1e+02   0.91     -59      
   0         1.1e+02   0.91     -59      
   0         1.1e+02   0.91     -59      
   0         1.1e+02   0.91     -59      
   0         1.1e+02   0.91     -59      
   2.8e+03   1.1e+02   0.91     -59      
   0         1.1e+02   0.91     -59      
   0         1.1e+02   0.91     -59      
   0         1.1e+02   0.91     -59      
   0         1.1e+02   0.91     -59      
   0         1.1e+02   0.91     -59      
   2.8e+03   1.1e+02   0.91     -73      
   0         1.1e+02   0.91     -73      
   0         1.1e+02   0.91     -73      
   2.8e+03   1.1e+02   0.91     -73      
   0         1.1e+02   0.91     -73      
   0         1.1e+02   0.91     -73      
   2.8e+03   1.1e+02   0.91     -73      
   0         1.1e+02   0.91     -73      
   0         1.1e+02   0.91     -73      
   2.8e+03   1.1e+02   0.91     -73      
   0         1.1e+02   0.91     -73      
   0         1.1e+02   0.91     -73      
   2.8e+03   1.1e+02   0.9      -41      
   0         1.1e+02   0.9      -41      
   0         1.1e+02   0.9      -41      
   2.8e+03   1.1e+02   0.9      -41      
   0         1.1e+02   0.9      -41      
   0         1.1e+02   0.9      -41      
   2.8e+03   1.1e+02   0.9      -41      
   0         1.1e+02   0.9      -41      
   0         1.1e+02   0.9      -41      
   2.8e+03   1.1e+02   0.9      -41      
   0         1.1e+02   0.9      -41      
   0         1.1e+02   0.9      -41      

EFC_D
   0.3     
   30      
   30      
   0.00075 
   3e-07   
   3e-07   
   0.3     
   30      
   30      
   0.00075 
   3e-07   
   3e-07   
   0.3     
   30      
   30      
   0.00075 
   3e-07   
   3e-07   
   0.3     
   30      
   30      
   0.00075 
   3e-07   
   3e-07   
   0.16    
   16      
   16      
   0.16    
   16      
   16      
   0.16    
   16      
   16      
   0.16    
   16      
   16      
   0.14    
   14      
   14      
   0.14    
   14      
   14      
   0.14    
   14      
   14      
   0.14    
   14      
   14      

EFC_R
   3.4     
   0.034   
   0.034   
   1.3e+03 
   3.4e+06 
   3.4e+06 
   3.4     
   0.034   
   0.034   
   1.3e+03 
   3.4e+06 
   3.4e+06 
   3.4     
   0.034   
   0.034   
   1.3e+03 
   3.4e+06 
   3.4e+06 
   3.4     
   0.034   
   0.034   
   1.3e+03 
   3.4e+06 
   3.4e+06 
   6.3     
   0.063   
   0.063   
   6.3     
   0.063   
   0.063   
   6.3     
   0.063   
   0.063   
   6.3     
   0.063   
   0.063   
   7.1     
   0.071   
   0.071   
   7.1     
   0.071   
   0.071   
   7.1     
   0.071   
   0.071   
   7.1     
   0.071   
   0.071   

ACTUATOR_VELOCITY
   6.5e-15 
   7.1e-37 
   2.2e-37 
   6.5e-15 
   1.4e-17 
  -4.5e-17 

CVEL
   0         0         0         0         0         0       
  -6.5e-15   0         0         0        -4.5e-16  -3.7e-32 
  -6.5e-15   6.8e-37   2.2e-37  -4.8e-38  -4.5e-16  -3.7e-32 
  -6.5e-15   8.9e-37   2.9e-37  -2.7e-38  -4.5e-16  -3.7e-32 
  -6.5e-15   8.9e-37   2.9e-37  -2.7e-38  -4.5e-16  -3.7e-32 
  -6.5e-15   0         0         0        -4.5e-16  -3.7e-32 
  -6.5e-15   1.3e-17   4.2e-18  -9.1e-19  -4.5e-16   4.5e-19 
  -6.5e-15  -3e-17    -9.8e-18  -5.1e-18  -4.5e-16  -1e-18   
  -6.5e-15  -3e-17    -9.8e-18  -5.1e-18  -4.5e-16  -1e-18   
  -1.1e-14  -1.1e-14  -6.1e-27  -2.8e-16   2.8e-16   1.7e-15 
  -4.4e-14  -4.7e-14  -7.9e-24  -1.2e-14   1.2e-14   6.8e-15 
  -6.3e-14  -7.2e-14  -3.2e-23  -7.7e-14   7.7e-14  -5.1e-15 

CDOF_DOT
   0        -0         0         0         0         0       
   0         2e-15    -6.1e-15  -1.4e-16   2.1e-16   7e-17   
   0         2e-15    -6.1e-15  -1.4e-16   2.1e-16   7e-17   
   0        -0         0         0         0         0       
   0         2e-15    -6.1e-15  -1.4e-16   2.1e-16   7e-17   
   0         2e-15    -6.1e-15  -1.4e-16   2.1e-16   6.7e-17 
   0         0         0         0         0         0       
   0         0         0         0         0         0       
   0         0         0         0         0         0       
   0         0        -0         3.4e-26   1.7e-15  -2.8e-16 
  -0         0         0        -1.7e-15  -3.4e-26  -2.8e-16 
   0        -0         0         2.8e-16   2.8e-16   7.2e-28 
   0         0         0         0         0         0       
   0         0         0         0         0         0       
   0         0         0         0         0         0       
   0         0         0         8.9e-24   6.8e-15  -1.2e-14 
  -0         0         0        -6.8e-15  -8.9e-24  -1.2e-14 
   0        -0         0         1.2e-14   1.2e-14  -2.9e-26 
   0         0         0         0         0         0       
   0         0         0         0         0         0       
   0         0         0         0         0         0       
   0         0         0         9.7e-23  -5.1e-15  -7.7e-14 
  -0         0         0         5.1e-15  -9.7e-23  -7.7e-14 
   0        -0         0         7.7e-14   7.7e-14  -4.1e-25 

QFRC_BIAS
  -1.9e-17 
   0       
   0       
  -1.9e-17 
   0       
  -3.5e-18 
  -8.8e-47 
  -8.8e-47 
   0.29    
  -1.4e-48 
   0       
   0       
  -1.4e-45 
   1.4e-45 
   0.29    
  -8.1e-79 
  -1e-59   
  -7.1e-69 
   0       
   0       
   0.29    
  -1.3e-45 
   1.5e-46 
   2.3e-44 

QFRC_SPRING
   0       
   0       
   0       
   0       
   0       
   0       
   0       
   0       
   0       
   0       
   0       
   0       
   0       
   0       
   0       
   0       
   0       
   0       
   0       
   0       
   0       
   0       
   0       
   0       

QFRC_DAMPER
   0       
   0       
   0       
   0       
   0       
   0       
   0       
   0       
   0       
   0       
   0       
   0       
   0       
   0       
   0       
   0       
   0       
   0       
   0       
   0       
   0       
   0       
   0       
   0       

QFRC_GRAVCOMP
   0       
   0       
   0       
   0       
   0       
   0       
   0       
   0       
   0       
   0       
   0       
   0       
   0       
   0       
   0       
   0       
   0       
   0       
   0       
   0       
   0       
   0       
   0       
   0       

QFRC_FLUID
   0       
   0       
   0       
   0       
   0       
   0       
   0       
   0       
   0       
   0       
   0       
   0       
   0       
   0       
   0       
   0       
   0       
   0       
   0       
   0       
   0       
   0       
   0       
   0       

QFRC_PASSIVE
   0       
   0       
   0       
   0       
   0       
   0       
   0       
   0       
   0       
   0       
   0       
   0       
   0       
   0       
   0       
   0       
   0       
   0       
   0       
   0       
   0       
   0       
   0       
   0       

EFC_VEL
   1.7e-15 
  -1.9e-21 
   2e-21   
  -6.1e-27 
  -1.1e-14 
   1.1e-14 
   2.2e-15 
  -1.9e-21 
   2e-21   
  -6.1e-27 
  -1.1e-14 
   1.1e-14 
   1.1e-15 
  -1.9e-21 
   2e-21   
  -6.1e-27 
  -1.1e-14 
   1.1e-14 
   1.7e-15 
  -1.9e-21 
   2e-21   
  -6.1e-27 
  -1.1e-14 
   1.1e-14 
   5.3e-15 
   1.1e-14 
   1.1e-14 
   5.1e-15 
   1.1e-14 
   1.1e-14 
   6.9e-15 
   1.1e-14 
   1.1e-14 
   3.4e-15 
   1.1e-14 
   1.1e-14 
  -1.2e-14 
   6.2e-14 
   6.2e-14 
  -1.2e-14 
   6.2e-14 
   6.2e-14 
  -1.1e-14 
   6.2e-14 
   6.2e-14 
  -1.3e-14 
   6.2e-14 
   6.2e-14 

EFC_AREF
   0.74    
   2e-19   
  -2.1e-19 
   6.4e-25 
   1.2e-12 
  -1.2e-12 
   0.74    
   2e-19   
  -2.1e-19 
   6.4e-25 
   1.2e-12 
  -1.2e-12 
   0.74    
   2e-19   
  -2.1e-19 
   6.4e-25 
   1.2e-12 
  -1.2e-12 
   0.74    
   2e-19   
  -2.1e-19 
   6.4e-25 
   1.2e-12 
  -1.2e-12 
   0.93    
  -1.1e-12 
  -1.1e-12 
   0.93    
  -1.1e-12 
  -1.1e-12 
   0.93    
  -1.1e-12 
  -1.1e-12 
   0.93    
  -1.1e-12 
  -1.1e-12 
   0.52    
  -6.5e-12 
  -6.5e-12 
   0.52    
  -6.5e-12 
  -6.5e-12 
   0.52    
  -6.5e-12 
  -6.5e-12 
   0.52    
  -6.5e-12 
  -6.5e-12 

SUBTREE_LINVEL
   0         0         0       
   0         0         0       
   0         0         0       
   0         0         0       
   0         0         0       
   0         0         0       
   0         0         0       
   0         0         0       
   0         0         0       
   0         0         0       
   0         0         0       
   0         0         0       

SUBTREE_ANGMOM
   0         0         0       
   0         0         0       
   0         0         0       
   0         0         0       
   0         0         0       
   0         0         0       
   0         0         0       
   0         0         0       
   0         0         0       
   0         0         0       
   0         0         0       
   0         0         0       

ACTUATOR_FORCE
  -1.9e-17 
  -2.1e-39 
  -6.7e-40 
  -1.9e-17 
  -4.1e-20 
   1.4e-19 

QFRC_ACTUATOR
  -1.9e-17 
  -2.1e-39 
  -6.7e-40 
  -1.9e-17 
  -4.1e-20 
   1.4e-19 
   0       
   0       
   0       
   0       
   0       
   0       
   0       
   0       
   0       
   0       
   0       
   0       
   0       
   0       
   0       
   0       
   0       
   0       

QFRC_SMOOTH
   1.9e-30 
  -2.1e-39 
  -6.7e-40 
   1.9e-30 
  -4.1e-20 
   3.6e-18 
   8.8e-47 
   8.8e-47 
  -0.29    
   1.4e-48 
   0       
   0       
   1.4e-45 
  -1.4e-45 
  -0.29    
   8.1e-79 
   1e-59   
   7.1e-69 
   0       
   0       
  -0.29    
   1.3e-45 
  -1.5e-46 
  -2.3e-44 

QACC_SMOOTH
   3.9e-28 
  -4.4e-37 
  -1.4e-37 
   3.9e-28 
  -4.8e-15 
   1.6e-14 
   2.9e-45 
   2.9e-45 
  -9.8     
   8.6e-42 
   0       
   0       
   4.7e-44 
  -4.7e-44 
  -9.8     
   4.9e-72 
   6e-53   
   4.3e-62 
   0       
   0       
  -9.8     
   7.6e-39 
  -9.2e-40 
  -1.4e-37 

EFC_B
  -11      
  -2e-19   
   2.1e-19 
  -6.4e-25 
  -1.2e-12 
   1.2e-12 
  -11      
  -2e-19   
   2.1e-19 
  -6.4e-25 
  -1.2e-12 
   1.2e-12 
  -11      
  -2e-19   
   2.1e-19 
  -6.4e-25 
  -1.2e-12 
   1.2e-12 
  -11      
  -2e-19   
   2.1e-19 
  -6.4e-25 
  -1.2e-12 
   1.2e-12 
  -0.93    
   1.1e-12 
   1.1e-12 
  -0.93    
   1.1e-12 
   1.1e-12 
  -0.93    
   1.1e-12 
   1.1e-12 
  -0.93    
   1.1e-12 
   1.1e-12 
  -0.52    
   6.5e-12 
   6.5e-12 
  -0.52    
   6.5e-12 
   6.5e-12 
  -0.52    
   6.5e-12 
   6.5e-12 
  -0.52    
   6.5e-12 
   6.5e-12 

EFC_FORCE
   0.22    
   3.8e-17 
   8.3e-18 
   5.6e-28 
   3.5e-19 
  -3.6e-19 
   0.22    
   3.8e-17 
   8.3e-18 
   5.6e-28 
   3.5e-19 
  -3.6e-19 
   0.22    
   3.8e-17 
   8.3e-18 
   5.6e-28 
   3.5e-19 
  -3.6e-19 
   0.22    
   3.8e-17 
   8.3e-18 
   5.6e-28 
   3.5e-19 
  -3.6e-19 
   0.15    
  -1.8e-11 
  -1.8e-11 
   0.15    
  -1.8e-11 
  -1.8e-11 
   0.15    
  -1.8e-11 
  -1.8e-11 
   0.15    
  -1.8e-11 
  -1.8e-11 
   0.074   
  -9.2e-11 
  -9.2e-11 
   0.074   
  -9.2e-11 
  -9.2e-11 
   0.074   
  -9.2e-11 
  -9.2e-11 
   0.074   
  -9.2e-11 
  -9.2e-11 

EFC_STATE
  1
  1
  1
  1
  1
  1
  1
  1
  1
  1
  1
  1
  1
  1
  1
  1
  1
  1
  1
  1
  1
  1
  1
  1
  1
  1
  1
  1
  1
  1
  1
  1
  1
  1
  1
  1
  1
  1
  1
  1
  1
  1
  1
  1
  1
  1
  1
  1

QFRC_CONSTRAINT
   0       
   0       
   0       
   0       
   0       
   0       
  -8.3e-18 
   2e-17   
   0.29    
   2.4e-18 
  -3.6e-18 
   7.1e-28 
  -1.3e-17 
   5.5e-17 
   0.29    
   6e-19   
   1.4e-18 
   8.1e-28 
  -1.2e-17 
   7.8e-17 
   0.29    
   1.7e-19 
   3.2e-19 
  -4e-28   

QFRC_INVERSE
   0       
   0       
   0       
   0       
   0       
   0       
   0       
   0       
   0       
   0       
   0       
   0       
   0       
   0       
   0       
   0       
   0       
   0       
   0       
   0       
   0       
   0       
   0       
   0       

CACC
   0         0         0         0         0         0       
   0         0         0         0         0         0       
   0         0         0         0         0         0       
   0         0         0         0         0         0       
   0         0         0         0         0         0       
   0         0         0         0         0         0       
   0         0         0         0         0         0       
   0         0         0         0         0         0       
   0         0         0         0         0         0       
   0         0         0         0         0         0       
   0         0         0         0         0         0       
   0         0         0         0         0         0       

CFRC_INT
   0         0         0         0         0         0       
   0         0         0         0         0         0       
   0         0         0         0         0         0       
   0         0         0         0         0         0       
   0         0         0         0         0         0       
   0         0         0         0         0         0       
   0         0         0         0         0         0       
   0         0         0         0         0         0       
   0         0         0         0         0         0       
   0         0         0         0         0         0       
   0         0         0         0         0         0       
   0         0         0         0         0         0       

CFRC_EXT
   0         0         0         0         0         0       
   0         0         0         0         0         0       
   0         0         0         0         0         0       
   0         0         0         0         0         0       
   0         0         0         0         0         0       
   0         0         0         0         0         0       
   0         0         0         0         0         0       
   0         0         0         0         0         0       
   0         0         0         0         0         0       
   0         0         0         0         0         0       
   0         0         0         0         0         0       
   0         0         0         0         0         0       

